Name	HP	Str	Mag	Spd	Dex	Def	Res	Lck	Cha
Eshmel	50	45	45	45	45	35	35	40	50
Cai	45	45	40	45	45	35	35	40	40
Tialla	30	25	45	35	40	20	40	50	45
Peter	40	35	20	45	60	30	25	35	30
Ultand	45	40	40	35	40	35	45	55	50
Bertrand	50	55	15	45	50	45	20	30	50
Gaitz	50	50	20	40	45	45	25	40	45
Jester	40	35	15	60	45	35	25	40	40
Goliath	55	60	5	15	30	50	20	35	20
Dante	30	30	45	40	40	20	40	45	30
Dietrich	50	45	30	50	60	40	30	50	60
Fabio	40	25	50	35	40	30	45	35	30
Esmeralda	55	55	20	35	35	45	25	35	30
Mikaela	50	45	30	40	35	40	25	30	40
Orchel	30	60	45	10	20	60	60	20	60
Diego	45	40	20	45	60	35	20	35	30
Loretta	35	35	35	55	40	30	40	30	30
Seteth	45	45	30	40	45	40	35	30	50
Ninae	45	45	35	35	45	35	45	50	40
Theodora	70	50	30	40	40	40	30	30	50
Bonaventure	35	35	45	40	50	30	40	35	40
Tobias	55	60	15	25	30	45	20	40	35
Lilian	35	35	30	40	55	30	35	50	25
Lysander	45	40	25	50	35	40	25	30	30
Talimun	45	40	45	40	45	35	40	60	50
Ursula	40	35	35	50	50	35	30	40	45
Ludia	40	35	20	55	45	30	20	30	30
Simon	50	50	20	35	40	40	25	50	35
Fianna	30	35	55	30	40	20	45	25	40
Leda	40	35	35	65	50	30	35	25	55
Buccar	50	50	20	25	40	45	20	30	35
Sirocco	40	40	40	45	50	35	35	50	45
Olympia	35	35	50	35	35	30	40	40	40
Mu	50	50	25	50	50	40	30	30	40
Anatolia	40	35	50	50	45	35	40	40	50
Sha Lan	35	30	45	35	50	30	45	35	40
Nezha	45	45	25	45	50	35	25	30	25
Dadao	50	55	20	30	35	45	20	25	30
Halvin	35	35	30	45	60	30	25	40	35
Hong Hua	40	30	45	45	45	30	45	30	40
Troy	40	45	45	50	40	30	30	30	30
Guzran	45	45	20	50	45	35	20	45	30
Yang Jie	50	30	40	35	35	30	40	40	25
Io	45	40	25	35	45	40	25	35	35
Peppe	30	30	25	60	45	30	30	45	30
Noctula	50	45	20	45	40	40	20	35	30
Sofia	35	30	45	30	40	25	40	30	40
Catania	35	35	35	55	50	30	35	40	45
Nydine	45	40	30	45	40	30	25	35	35
Zarcone	40	30	20	35	60	30	25	30	15
Majide	65	50	15	20	30	40	10	25	5
Benditz	50	35	20	35	50	35	25	30	35
Inyoni	40	50	20	35	40	40	30	40	30
Jasmine	50	40	20	30	45	45	25	40	45
Alexandra	30	35	35	55	45	30	40	50	50
Nuzzuo	50	50	15	55	45	20	15	25	35
Centurio	45	45	25	40	50	50	30	30	30
Aswan	40	35	10	40	50	30	15	30	20
Nathan	55	60	15	25	60	45	15	25	30
Creek	45	50	15	60	50	35	20	30	35
Kiroc	55	40	15	55	50	30	15	30	25
Klapka	40	40	10	25	45	50	15	25	35
Tahonia	65	50	5	20	40	45	35	20	40